['r_shoulder_z', 'r_shoulder_y', 'r_arm_x', 'r_elbow_y', 'r_wrist_z', 'r_wrist_x', 'r_thumb_z', 'r_thumb_x', 'r_indexfinger_x', 'r_middlefingers_x', 'x', 'y']
[24.0, 46.1, 26.0, 130.9, 156.2, 133.4, -68.5, 35.7, -180.0, 172.7, 0.3387500047683716, 0.6407407522201538]
[14.2, 50.9, 26.1, 139.9, 158.1, 118.7, -69.1, 41.8, -179.0, 171.9, 0.15833333134651184, 0.6525925993919373, 37]
[18.4, 50.9, 26.2, 139.9, 157.2, 118.7, -69.1, 41.8, -179.0, 171.9, 0.23083333671092987, 0.6807407140731812, 37]
[21.2, 50.9, 26.2, 139.9, 158.1, 118.7, -69.1, 41.8, -179.0, 171.9, 0.2787500023841858, 0.6918518543243408, 37]
[6.1, 42.2, 16.7, 124.3, 165.5, 113.7, -69.8, 42.5, -179.9, 171.9, 0.17624999582767487, 0.5207407474517822, 37]
[2.6, 42.2, 16.7, 124.3, 165.9, 118.7, -69.8, 42.5, -179.9, 171.9, 0.12083332985639572, 0.49481481313705444, 37]
[26.1, 42.2, 16.7, 124.5, 164.3, 115.2, -69.8, 42.5, -179.7, 173.0, 0.492083340883255, 0.5592592358589172, 37]
[29.4, 42.2, 16.7, 124.3, 164.5, 120.1, -69.8, 42.5, -179.9, 173.0, 0.5537499785423279, 0.5392592549324036, 37]
[33.8, 42.2, 16.7, 124.4, 164.6, 115.2, -69.8, 42.5, -179.9, 171.9, 0.6083333492279053, 0.5192592740058899, 37]
[37.4, 42.2, 16.7, 124.4, 165.5, 116.1, -69.8, 42.5, -179.9, 173.0, 0.6812499761581421, 0.47999998927116394, 37]
[43.2, 42.4, 17.6, 126.3, 164.6, 118.8, -69.5, 39.5, -179.9, 172.9, 0.7350000143051147, 0.4651851952075958, 39]
[26.2, 50.5, 25.1, 138.5, 158.2, 116.9, -69.3, 43.3, -179.0, 173.1, 0.37708333134651184, 0.6911110877990723, 36]
[47.8, 42.4, 17.7, 126.3, 164.2, 119.8, -69.5, 39.5, -179.9, 171.6, 0.79708331823349, 0.4118518531322479, 39]
[51.7, 42.4, 17.7, 126.3, 164.2, 123.0, -69.5, 39.5, -179.7, 171.6, 0.8479166626930237, 0.3651851713657379, 39]
[25.0, 42.8, 17.6, 126.4, 164.8, 124.6, -69.5, 39.5, -179.9, 171.6, 0.4650000035762787, 0.5785185098648071, 39]
[22.1, 42.4, 17.6, 126.3, 163.7, 122.5, -69.5, 39.5, -179.9, 171.6, 0.4204166531562805, 0.5814814567565918, 39]
[17.0, 42.3, 17.1, 125.4, 164.6, 117.0, -69.7, 41.0, -179.9, 173.0, 0.34333333373069763, 0.5770370364189148, 38]
[13.3, 42.3, 17.1, 125.3, 164.2, 118.0, -69.7, 41.0, -179.9, 171.8, 0.2824999988079071, 0.5674074292182922, 38]
[10.3, 42.3, 17.1, 125.3, 164.2, 118.0, -69.7, 41.0, -179.9, 171.8, 0.23666666448116302, 0.5518518686294556, 38]
[23.5, 35.7, 10.1, 117.9, 173.1, 154.4, -67.3, 27.5, -179.6, 170.3, 0.5179166793823242, 0.4637036919593811, 47]
[18.2, 35.4, 10.1, 117.8, 172.6, 156.6, -72.2, 27.5, -178.1, 168.9, 0.445416659116745, 0.4785185158252716, 47]
[12.5, 35.4, 10.1, 117.8, 173.1, 155.5, -72.2, 27.5, -179.6, 168.5, 0.3583333194255829, 0.47777777910232544, 47]
[32.8, 50.6, 25.5, 139.2, 157.8, 113.3, -69.3, 43.3, -178.9, 173.1, 0.4804166555404663, 0.6911110877990723, 36]
[7.6, 35.4, 9.9, 117.2, 172.7, 153.3, -72.3, 29.0, -179.6, 168.8, 0.29083332419395447, 0.46222221851348877, 46]
[2.2, 35.3, 10.1, 117.8, 173.1, 155.2, -72.2, 27.5, -178.1, 168.5, 0.2016666680574417, 0.4399999976158142, 47]
[-3.4, 35.4, 9.9, 117.2, 172.7, 151.1, -72.3, 29.0, -179.6, 170.4, 0.1354166716337204, 0.40444445610046387, 46]
[-7.9, 35.4, 9.9, 117.2, 172.7, 152.1, -72.3, 29.0, -178.1, 169.0, 0.07333333045244217, 0.3651851713657379, 46]
[28.4, 35.3, 10.0, 117.7, 172.6, 155.5, -72.2, 27.5, -179.6, 168.7, 0.59375, 0.4333333373069763, 47]
[32.5, 35.3, 10.1, 117.8, 172.6, 155.2, -72.2, 27.5, -178.1, 168.7, 0.6458333134651184, 0.40666666626930237, 47]
[38.4, 35.4, 9.9, 117.2, 173.3, 152.9, -72.3, 29.0, -179.6, 168.8, 0.7233333587646484, 0.3525925874710083, 46]
[45.7, 35.2, 10.3, 118.4, 173.0, 155.5, -72.2, 26.0, -178.1, 170.1, 0.8229166865348816, 0.2651851773262024, 48]
[49.4, 35.3, 10.1, 117.8, 172.6, 154.1, -67.3, 27.5, -179.6, 168.7, 0.8608333468437195, 0.22518518567085266, 47]
[56.2, 35.2, 10.3, 118.4, 172.4, 156.6, -72.2, 26.0, -178.1, 168.5, 0.9387500286102295, 0.11703703552484512, 48]
[37.3, 50.9, 26.2, 139.9, 158.3, 119.4, -69.1, 41.8, -179.0, 171.9, 0.5504166483879089, 0.6814814805984497, 37]
[27.2, 21.4, 13.5, 99.3, 164.3, 161.2, -72.2, 25.6, -178.1, 167.8, 0.5316666960716248, 0.3037036955356598, 47]
[21.0, 21.3, 13.5, 99.3, 165.1, 162.2, -72.2, 25.6, -178.1, 167.9, 0.44624999165534973, 0.3222222328186035, 47]
[14.2, 21.6, 13.2, 99.1, 165.7, 158.8, -72.3, 25.7, -179.6, 167.9, 0.3558333218097687, 0.32148149609565735, 46]
[8.8, 21.2, 13.5, 99.2, 165.4, 161.2, -72.2, 25.6, -179.6, 167.8, 0.28125, 0.3118518590927124, 47]
[2.2, 21.2, 13.5, 99.3, 166.1, 160.0, -72.2, 24.1, -179.6, 167.8, 0.19333332777023315, 0.27851852774620056, 47]
[-3.5, 21.2, 13.5, 99.2, 165.4, 162.2, -72.2, 24.3, -178.1, 167.7, 0.13500000536441803, 0.23777778446674347, 47]
[-10.8, 21.6, 13.2, 99.0, 165.7, 157.6, -72.3, 27.1, -179.6, 168.1, 0.04333333298563957, 0.17037037014961243, 46]
[32.0, 21.2, 13.5, 99.2, 165.4, 161.4, -72.2, 25.6, -179.6, 167.8, 0.59375, 0.27481481432914734, 47]
[38.1, 21.2, 13.5, 99.2, 165.4, 161.2, -72.2, 24.1, -179.6, 167.9, 0.6700000166893005, 0.22962963581085205, 47]
[44.6, 20.8, 13.8, 99.4, 165.1, 162.4, -72.2, 24.1, -178.1, 167.8, 0.7458333373069763, 0.16592592000961304, 48]
[39.5, 50.9, 26.2, 139.9, 158.1, 119.2, -69.1, 41.8, -178.9, 171.9, 0.5795833468437195, 0.6703703999519348, 37]
[52.5, 20.8, 13.8, 99.4, 165.1, 163.5, -72.2, 22.7, -179.6, 167.8, 0.8333333134651184, 0.07037036865949631, 48]
[27.3, 9.4, 11.4, 84.4, 169.3, 164.5, -72.2, 24.7, -178.1, 167.7, 0.5262500047683716, 0.145185187458992, 47]
[20.0, 9.4, 11.3, 84.4, 169.3, 164.5, -72.2, 24.7, -178.1, 167.7, 0.4375, 0.16740740835666656, 47]
[13.5, 9.4, 11.3, 84.4, 169.3, 164.5, -72.2, 24.7, -178.1, 167.7, 0.36375001072883606, 0.16740740835666656, 47]
[7.0, 8.7, 11.5, 84.2, 169.0, 166.9, -67.9, 23.1, -178.1, 167.8, 0.2866666615009308, 0.1474074125289917, 48]
[0.4, 9.4, 11.3, 84.4, 168.7, 163.9, -67.3, 24.7, -178.1, 167.8, 0.21458333730697632, 0.12148147821426392, 47]
[-6.4, 8.7, 11.5, 84.2, 169.0, 166.9, -67.9, 23.1, -178.1, 167.7, 0.14499999582767487, 0.0748148113489151, 48]
[31.8, 8.7, 11.3, 84.2, 170.4, 168.1, -67.2, 23.1, -178.1, 167.7, 0.5745833516120911, 0.11925926059484482, 48]
[36.2, 9.4, 11.1, 84.4, 170.6, 165.0, -72.2, 24.7, -178.1, 167.7, 0.6254166960716248, 0.09259258955717087, 47]
[43.2, 50.9, 26.2, 139.9, 158.1, 119.4, -69.1, 41.8, -179.0, 171.9, 0.637499988079071, 0.648888885974884, 37]
[46.3, 50.9, 26.2, 139.9, 158.1, 119.2, -69.1, 41.8, -179.0, 171.9, 0.6837499737739563, 0.6251851916313171, 37]
[50.6, 50.9, 26.2, 139.9, 158.1, 119.7, -69.1, 41.8, -179.0, 171.9, 0.75, 0.5814814567565918, 37]
[56.6, 51.2, 26.9, 141.2, 157.6, 120.6, -68.9, 40.3, -179.2, 173.0, 0.8687499761581421, 0.48444443941116333, 38]
